351.00 40.01
351.50 41.23
352.00 40.76
352.50 39.51
353.00 40.83
353.50 43.47
354.00 44.94
354.50 44.18
355.00 41.56
355.50 38.86
356.00 36.82
356.50 34.51
357.00 33.09
357.50 31.96
358.00 28.39
358.50 27.28
359.00 33.76
359.50 42.86
360.00 46.67
360.50 44.60
361.00 42.30
361.50 42.45
362.00 44.68
362.50 47.82
363.00 47.75
363.50 46.66
364.00 47.70
364.50 48.16
365.00 50.09
365.50 54.91
366.00 58.31
366.50 58.10
367.00 56.91
367.50 55.92
368.00 54.05
368.50 53.06
369.00 55.04
369.50 57.94
370.00 57.81
370.50 54.87
371.00 54.95
371.50 56.48
372.00 53.15
372.50 50.22
373.00 47.89
373.50 44.45
374.00 44.49
374.50 45.05
375.00 46.80
375.50 50.83
376.00 51.80
376.50 52.81
377.00 57.18
377.50 62.30
378.00 64.67
378.50 61.30
379.00 54.36
379.50 50.58
380.00 52.60
380.50 56.38
381.00 55.58
381.50 49.31
382.00 41.80
382.50 36.89
383.00 34.48
383.50 34.12
384.00 36.31
384.50 38.94
385.00 38.60
385.50 36.73
386.00 35.99
386.50 36.24
387.00 36.28
387.50 37.45
388.00 40.53
388.50 46.66
389.00 54.70
389.50 60.68
390.00 62.47
390.50 62.30
391.00 62.93
391.50 61.78
392.00 55.29
392.50 44.14
393.00 32.03
393.50 28.06
394.00 36.17
394.50 48.86
395.00 58.40
395.50 59.78
396.00 50.62
396.50 37.31
397.00 34.79
397.50 47.76
398.00 64.17
398.50 74.17
399.00 78.61
399.50 80.90
400.00 82.98
400.50 84.71
401.00 87.07
401.50 89.37
402.00 90.12
402.50 89.62
403.00 88.64
403.50 89.10
404.00 88.99
404.50 86.97
405.00 86.54
405.50 85.15
406.00 83.11
406.50 83.55
407.00 85.03
407.50 85.61
408.00 88.47
408.50 93.00
409.00 94.68
409.50 91.20
410.00 86.60
410.50 87.03
411.00 90.36
411.50 91.91
412.00 91.01
412.50 88.96
413.00 87.04
413.50 86.76
414.00 86.41
414.50 84.81
415.00 83.82
415.50 84.15
416.00 85.96
416.50 86.25
417.00 83.33
417.50 80.49
418.00 80.76
418.50 82.65
419.00 83.12
419.50 81.61
420.00 81.10
420.50 83.65
421.00 86.53
421.50 87.87
422.00 87.74
422.50 85.81
423.00 86.53
423.50 88.78
424.00 90.14
424.50 90.40
425.00 88.51
425.50 86.97
426.00 87.01
426.50 87.16
427.00 84.68
427.50 83.05
428.00 83.55
428.50 81.90
429.00 78.26
429.50 72.79
430.00 65.27
430.50 61.23
431.00 66.63
431.50 80.63
432.00 90.14
432.50 91.23
433.00 93.73
433.50 94.43
434.00 91.72
434.50 93.23
435.00 95.75
435.50 96.99
436.00 99.99
436.50 101.89
437.00 99.72
437.50 95.75
438.00 91.01
438.50 87.24
439.00 89.27
439.50 93.72
440.00 95.09
440.50 94.95
441.00 97.51
441.50 100.65
442.00 101.87
442.50 101.60
443.00 101.13
443.50 101.77
444.00 103.45
444.50 104.48
445.00 103.37
445.50 99.89
446.00 98.25
446.50 100.75
447.00 105.14
447.50 108.37
448.00 108.57
448.50 107.84
449.00 107.17
449.50 107.71
450.00 109.18
450.50 112.97
451.00 112.56
451.50 109.58
452.00 107.09
452.50 102.68
453.00 99.03
453.50 101.00
454.00 103.73
454.50 104.19
455.00 103.14
455.50 105.48
456.00 108.42
456.50 109.71
457.00 109.91
457.50 109.78
458.00 106.88
458.50 105.15
459.00 105.67
459.50 105.57
460.00 104.26
460.50 105.83
461.00 108.91
461.50 109.57
462.00 110.93
462.50 109.54
463.00 110.07
463.50 107.94
464.00 106.65
464.50 103.37
465.00 103.25
465.50 104.67
466.00 105.79
466.50 102.14
467.00 100.40
467.50 104.02
468.00 104.28
468.50 103.55
469.00 105.36
469.50 104.81
470.00 102.04
470.50 99.94
471.00 100.78
471.50 104.04
472.00 107.58
472.50 106.44
473.00 102.42
473.50 102.71
474.00 105.29
474.50 107.53
475.00 107.82
475.50 105.73
476.00 103.66
476.50 101.30
477.00 104.92
477.50 109.31
478.00 108.92
478.50 105.82
479.00 104.62
479.50 108.49
480.00 107.93
480.50 106.20
481.00 106.22
481.50 108.73
482.00 109.49
482.50 107.21
483.00 106.43
483.50 105.88
484.00 104.49
484.50 104.73
485.00 105.09
485.50 99.50
486.00 89.36
486.50 91.08
487.00 96.19
487.50 98.66
488.00 102.11
488.50 99.80
489.00 98.38
489.50 105.76
490.00 107.43
490.50 105.05
491.00 102.67
491.50 101.21
492.00 96.22
492.50 98.86
493.00 104.34
493.50 100.71
494.00 101.09
494.50 106.15
495.00 107.39
495.50 104.06
496.00 103.78
496.50 104.81
497.00 103.98
497.50 105.09
498.00 99.28
498.50 97.25
499.00 101.27
499.50 102.21
500.00 99.36
500.50 96.65
501.00 95.92
501.50 93.91
502.00 95.20
502.50 97.71
503.00 101.01
503.50 100.22
504.00 94.94
504.50 98.62
505.00 100.62
505.50 103.37
506.00 105.30
506.50 102.46
507.00 100.55
507.50 99.28
508.00 96.39
508.50 98.55
509.00 103.48
509.50 101.67
510.00 98.98
510.50 98.50
511.00 98.84
511.50 102.42
512.00 101.95
512.50 96.32
513.00 96.41
513.50 97.76
514.00 95.45
514.50 94.54
515.00 95.22
515.50 97.85
516.00 98.56
516.50 89.57
517.00 82.80
517.50 90.13
518.00 93.35
518.50 90.16
519.00 92.76
519.50 95.26
520.00 96.50
520.50 95.64
521.00 95.62
521.50 97.81
522.00 97.72
522.50 94.34
523.00 93.95
523.50 97.99
524.00 100.95
524.50 100.37
525.00 97.46
525.50 98.13
526.00 96.79
526.50 88.84
527.00 87.69
527.50 94.07
528.00 97.93
528.50 100.21
529.00 103.36
529.50 100.34
530.00 97.83
530.50 101.93
531.00 104.10
531.50 102.76
532.00 100.18
532.50 95.86
533.00 94.52
533.50 98.90
534.00 99.32
534.50 98.67
535.00 100.76
535.50 103.73
536.00 103.85
536.50 99.94
537.00 97.54
537.50 100.40
538.00 101.95
538.50 100.85
539.00 99.14
539.50 95.92
540.00 95.03
540.50 93.88
541.00 94.98
541.50 98.99
542.00 99.69
542.50 98.44
543.00 96.76
543.50 97.24
544.00 100.01
544.50 100.00
545.00 99.46
545.50 99.70
546.00 99.49
546.50 99.08
547.00 98.61
547.50 96.01
548.00 95.24
548.50 97.59
549.00 98.54
549.50 98.84
550.00 98.28
550.50 97.47
551.00 96.82
551.50 97.34
552.00 99.33
552.50 98.64
553.00 96.92
553.50 98.02
554.00 98.73
554.50 99.47
555.00 100.25
555.50 99.66
556.00 98.27
556.50 96.91
557.00 96.46
557.50 97.36
558.00 97.46
558.50 94.99
559.00 92.63
559.50 94.20
560.00 94.69
560.50 96.89
561.00 99.23
561.50 96.45
562.00 95.61
562.50 96.50
563.00 97.70
563.50 96.91
564.00 95.71
564.50 96.29
565.00 96.70
565.50 94.04
566.00 92.51
566.50 94.36
567.00 96.69
567.50 98.25
568.00 96.53
568.50 94.42
569.00 95.05
569.50 96.06
570.00 94.67
570.50 91.79
571.00 90.69
571.50 93.74
572.00 97.45
572.50 97.70
573.00 97.32
573.50 97.44
574.00 97.52
574.50 96.82
575.00 94.88
575.50 94.20
576.00 94.74
576.50 95.91
577.00 96.58
577.50 95.68
578.00 92.68
578.50 91.84
579.00 93.56
579.50 94.91
580.00 95.50
580.50 95.14
581.00 95.40
581.50 95.38
582.00 96.75
582.50 97.36
583.00 97.11
583.50 96.44
584.00 96.66
584.50 96.41
585.00 94.78
585.50 92.70
586.00 92.31
586.50 93.91
587.00 95.31
587.50 95.49
588.00 94.40
588.50 90.94
589.00 84.75
589.50 84.24
590.00 89.63
590.50 93.38
591.00 93.36
591.50 92.55
592.00 93.19
592.50 93.62
593.00 92.78
593.50 92.79
594.00 93.07
594.50 92.80
595.00 91.99
595.50 91.62
596.00 92.78
596.50 93.34
597.00 93.40
597.50 92.52
598.00 91.42
598.50 90.87
599.00 91.42
599.50 91.77
600.00 91.13
600.50 90.28
601.00 89.82
601.50 89.26
602.00 89.02
602.50 89.61
603.00 91.29
603.50 92.17
604.00 92.00
604.50 91.94
605.00 92.01
605.50 91.10
606.00 91.05
606.50 90.80
607.00 91.48
607.50 91.13
608.00 89.74
608.50 88.86
609.00 88.83
609.50 88.94
610.00 88.37
610.50 87.91
611.00 88.96
611.50 89.39
612.00 88.21
612.50 87.91
613.00 87.94
613.50 86.26
614.00 85.54
614.50 87.33
615.00 87.95
615.50 86.74
616.00 84.69
616.50 83.44
617.00 84.68
617.50 86.36
618.00 87.70
618.50 87.61
619.00 86.35
619.50 86.95
620.00 88.23
620.50 88.39
621.00 87.99
621.50 86.01
622.00 85.60
622.50 85.94
623.00 85.17
623.50 85.08
624.00 84.81
624.50 83.76
625.00 83.48
625.50 82.64
626.00 83.21
626.50 85.45
627.00 85.90
627.50 84.52
628.00 83.59
628.50 84.56
629.00 85.39
629.50 84.12
630.00 82.89
630.50 83.71
631.00 84.23
631.50 82.54
632.00 82.48
632.50 84.57
633.00 85.12
633.50 83.94
634.00 83.60
634.50 84.39
635.00 85.31
635.50 84.42
636.00 82.95
636.50 83.43
637.00 84.97
637.50 85.67
638.00 85.43
638.50 85.25
639.00 84.96
639.50 83.69
640.00 83.38
640.50 83.48
641.00 83.10
641.50 83.01
642.00 83.06
642.50 83.68
643.00 83.72
643.50 83.21
644.00 83.73
644.50 84.16
645.00 82.72
645.50 82.12
646.00 82.52
646.50 82.44
647.00 82.79
647.50 83.12
648.00 83.05
648.50 82.98
649.00 81.63
649.50 78.16
650.00 78.78
650.50 82.60
651.00 83.34
651.50 82.47
652.00 82.12
652.50 82.79
653.00 82.54
653.50 82.73
654.00 82.86
654.50 82.04
655.00 81.07
655.50 79.02
656.00 72.05
656.50 70.29
657.00 76.27
657.50 80.15
658.00 80.81
658.50 81.19
659.00 80.40
659.50 79.82
660.00 80.47
660.50 80.65
661.00 80.07
661.50 81.35
662.00 81.83
662.50 81.10
663.00 80.29
663.50 79.53
664.00 79.84
664.50 79.83
665.00 80.34
665.50 80.80
666.00 79.92
666.50 79.14
667.00 79.48
667.50 79.43
668.00 79.06
668.50 79.81
669.00 79.98
669.50 79.15
670.00 78.55
670.50 78.32
671.00 77.98
671.50 77.35
672.00 77.20
672.50 77.97
673.00 78.27
673.50 77.93
674.00 77.24
674.50 77.01
675.00 76.88
675.50 76.98
676.00 77.55
676.50 77.02
677.00 76.24
677.50 76.83
678.00 77.16
678.50 76.55
679.00 76.64
679.50 76.46
680.00 76.60
680.50 76.42
681.00 76.23
681.50 76.42
682.00 76.45
682.50 76.45
683.00 76.36
683.50 76.01
684.00 74.25
684.50 74.35
685.00 75.40
685.50 74.76
686.00 73.84
686.50 0.00
687.00 0.00
687.50 0.00
688.00 0.00
688.50 0.00
689.00 0.00
689.50 0.00
690.00 0.00
690.50 0.00
691.00 0.00
691.50 0.00
692.00 0.00
692.50 0.00
693.00 0.00
693.50 0.00
694.00 0.00
694.50 0.00
695.00 0.00
695.50 71.29
696.00 71.86
696.50 73.59
697.00 73.80
697.50 72.62
698.00 71.57
698.50 72.61
699.00 72.97
699.50 72.93
700.00 72.33
700.50 70.79
701.00 71.25
701.50 70.61
702.00 70.02
702.50 70.43
703.00 71.18
703.50 71.41
704.00 71.41
704.50 72.65
705.00 72.32
705.50 71.45
706.00 71.79
706.50 71.43
707.00 71.13
707.50 71.96
708.00 71.89
708.50 70.39
709.00 70.08
709.50 70.57
710.00 71.11
710.50 71.14
711.00 70.49
711.50 70.14
712.00 69.69
712.50 69.62
713.00 69.45
713.50 69.42
714.00 70.07
714.50 69.17
715.00 68.23
715.50 69.06
716.00 68.96
716.50 0.00
717.00 0.00
717.50 0.00
718.00 0.00
718.50 0.00
719.00 0.00
719.50 0.00
720.00 0.00
720.50 0.00
721.00 0.00
721.50 0.00
722.00 0.00
722.50 0.00
723.00 0.00
723.50 0.00
724.00 0.00
724.50 0.00
725.00 0.00
725.50 0.00
726.00 0.00
726.50 0.00
727.00 0.00
727.50 0.00
728.00 0.00
728.50 0.00
729.00 0.00
729.50 0.00
730.00 0.00
730.50 0.00
731.00 0.00
731.50 0.00
732.00 0.00
732.50 63.38
733.00 64.89
733.50 65.57
734.00 66.58
734.50 66.02
735.00 64.95
735.50 64.64
736.00 64.56
736.50 64.87
737.00 65.49
737.50 65.88
738.00 65.57
738.50 63.93
739.00 63.26
739.50 64.17
740.00 64.79
740.50 64.80
741.00 63.76
741.50 62.98
742.00 63.28
742.50 63.74
743.00 65.05
743.50 65.39
744.00 64.94
744.50 63.97
745.00 64.10
745.50 65.11
746.00 64.38
746.50 64.08
747.00 64.99
747.50 64.81
748.00 64.44
748.50 64.41
749.00 64.18
749.50 63.10
750.00 63.73
750.50 64.16
751.00 63.22
751.50 63.46
752.00 64.08
752.50 63.44
753.00 63.41
753.50 63.80
754.00 64.15
754.50 63.86
755.00 63.54
755.50 63.34
756.00 63.29
756.50 63.27
757.00 62.87
757.50 63.05
758.00 62.48
758.50 61.09
759.00 0.00
759.50 0.00
760.00 0.00
760.50 0.00
761.00 0.00
761.50 0.00
762.00 0.00
762.50 0.00
763.00 0.00
763.50 0.00
764.00 0.00
764.50 0.00
765.00 0.00
765.50 0.00
766.00 0.00
766.50 0.00
767.00 0.00
767.50 0.00
768.00 0.00
768.50 0.00
769.00 0.00
769.50 0.00
770.00 0.00
770.50 60.19
771.00 60.82
771.50 59.79
772.00 60.37
772.50 60.24
773.00 60.58
773.50 61.22
774.00 61.02
774.50 59.99
775.00 59.49
775.50 60.46
776.00 60.88
776.50 60.84
777.00 60.64
777.50 59.99
778.00 59.92
778.50 59.95
779.00 60.12
779.50 60.00
780.00 59.70
780.50 59.83
781.00 59.63
781.50 59.86
782.00 60.44
782.50 60.45
783.00 59.47
783.50 58.63
784.00 59.26
784.50 59.67
785.00 59.52
785.50 59.34
786.00 59.30
786.50 59.28
787.00 58.84
787.50 58.20
788.00 57.81
788.50 58.10
789.00 57.93
789.50 57.22
790.00 57.12
790.50 57.24
791.00 56.86
791.50 56.25
792.00 56.14
792.50 56.39
793.00 55.97
793.50 55.67
794.00 55.29
794.50 55.10
795.00 55.74
795.50 56.26
796.00 56.14
796.50 56.37
797.00 56.50
797.50 56.67
798.00 56.66
798.50 56.52
799.00 56.32
799.50 56.25
800.00 55.01
800.50 55.38
801.00 55.77
801.50 56.16
802.00 56.19
802.50 55.62
803.00 55.34
803.50 55.78
804.00 55.96
804.50 54.98
805.00 54.54
805.50 55.29
806.00 55.92
806.50 55.93
807.00 55.12
807.50 54.70
808.00 54.77
808.50 54.55
809.00 54.25
809.50 53.75
810.00 54.11
810.50 54.43
811.00 54.16
811.50 0.00
812.00 0.00
812.50 0.00
813.00 0.00
813.50 0.00
814.00 0.00
814.50 0.00
815.00 0.00
815.50 0.00
816.00 0.00
816.50 0.00
817.00 0.00
817.50 0.00
818.00 0.00
818.50 0.00
819.00 0.00
819.50 0.00
820.00 0.00
820.50 0.00
821.00 0.00
821.50 0.00
822.00 0.00
822.50 0.00
823.00 0.00
823.50 0.00
824.00 0.00
824.50 0.00
825.00 0.00
825.50 0.00
826.00 0.00
826.50 0.00
827.00 0.00
827.50 0.00
828.00 0.00
828.50 0.00
829.00 0.00
829.50 0.00
830.00 0.00
830.50 0.00
831.00 0.00
831.50 0.00
832.00 0.00
832.50 0.00
833.00 0.00
833.50 0.00
834.00 0.00
834.50 0.00
835.00 0.00
835.50 0.00
836.00 0.00
836.50 0.00
837.00 0.00
837.50 0.00
838.00 50.85
838.50 50.24
839.00 50.21
839.50 51.44
840.00 52.08
840.50 51.14
841.00 51.32
841.50 51.28
842.00 51.25
842.50 50.93
843.00 51.48
843.50 50.55
844.00 50.05
844.50 50.16
845.00 50.96
845.50 51.33
846.00 51.11
846.50 50.89
847.00 50.06
847.50 50.44
848.00 50.79
848.50 50.50
849.00 50.40
849.50 47.39
850.00 44.11
850.50 47.25
851.00 49.83
851.50 48.86
852.00 49.02
852.50 49.29
853.00 49.26
853.50 47.12
854.00 39.93
854.50 37.45
855.00 43.95
855.50 48.04
856.00 48.76
856.50 48.99
857.00 49.19
857.50 49.20
858.00 49.08
858.50 48.78
859.00 48.92
859.50 48.68
860.00 48.32
860.50 48.51
861.00 48.21
861.50 47.98
862.00 48.52
862.50 48.48
863.00 48.85
863.50 48.91
864.00 48.43
864.50 48.30
865.00 47.66
865.50 46.28
866.00 41.04
866.50 38.30
867.00 43.72
867.50 46.24
868.00 46.53
868.50 46.88
869.00 46.47
869.50 46.66
870.00 47.42
870.50 47.41
871.00 47.04
871.50 46.73
872.00 47.31
872.50 47.35
873.00 46.91
873.50 47.11
874.00 46.74
874.50 46.64
875.00 46.18
875.50 46.07
876.00 47.02
876.50 47.18
877.00 46.88
877.50 46.81
878.00 46.93
878.50 46.84
879.00 46.23
879.50 46.01
880.00 46.48
880.50 45.09
881.00 44.67
881.50 46.51
882.00 46.52
882.50 46.48
883.00 47.09
883.50 46.82
884.00 46.07
884.50 46.50
885.00 46.60
885.50 46.85
886.00 46.07
886.50 45.28
887.00 45.60
887.50 46.49

 

 

 

 

 

 

 

 

 

 
